10000
8 50
74 59
31 73
45 79
24 10
41 66
93 43
88 4
28 30
41 13
4 70
10 58
61 34
100 79
17 36
98 27
13 68
11 34
80 50
80 22
68 73
94 37
86 46
29 92
95 58
2 54
9 45
69 91
25 97
31 4
23 67
50 25
2 54
78 9
29 34
99 82
36 14
66 15
64 37
26 70
16 95
30 2
18 96
6 5
52 99
89 24
6 83
53 67
17 38
39 45
2 98
72 29
38 59
78 98
95 5
10 32
46 76
36 99
43 100
69 13
61 58
95 9
96 69
14 31
7 63
43 66
83 53
68 22
96 13
72 2
91 32
39 58
17 91
41 80
36 7
73 99
96 20
55 24
90 61
6 27
24 7
14 71
39 95
21 45
67 35
27 95
64 39
45 91
51 60
24 48
86 18
73 40
48 86
97 86
24 21
45 69
36 16
26 35
43 12
80 53
45 96
19 97
93 16
92 34
70 98
54 48
26 11
63 12
9 78
62 26
36 69
96 77
68 40
75 32
57 2
73 61
95 85
56 90
8 16
94 70
81 56
56 7
64 3
77 9
50 32
45 39
9 98
52 50
4 32
32 15
20 76
10 81
30 24
55 61
38 46
18 26
1 57
65 98
49 5
51 51
77 13
55 98
5 82
49 66
79 100
10 30
54 84
48 8
74 23
6 77
54 25
31 67
1 45
71 86
17 99
56 34
58 77
79 67
58 12
79 15
20 38
34 92
21 63
34 98
32 89
90 74
78 5
59 1
55 61
16 48
81 31
56 47
8 39
1 27
36 58
14 15
94 61
55 19
58 86
30 16
64 3
18 44
20 68
48 70
96 4
74 4
49 86
59 60
7 31
25 33
74 4
98 21
51 32
81 4
1 21
34 59
4 77
51 35
81 80
33 75
50 43
50 72
11 80
84 71
41 24
51 72
30 19
47 100
31 22
77 25
45 59
97 72
65 61
99 52
41 4
52 2
6 81
19 75
50 14
21 26
13 84
89 18
9 51
25 96
58 12
91 67
11 94
54 66
61 43
4 53
8 42
11 1
100 28
72 88
15 26
42 18
49 43
16 75
46 74
21 12
40 55
6 30
54 90
67 57
5 61
99 93
21 17
81 68
53 40
99 2
12 17
92 72
29 72
62 46
21 41
59 54
28 51
12 64
95 34
28 28
96 32
43 17
7 16
25 2
98 62
4 25
9 37
82 16
11 17
6 74
82 21
92 70
66 28
37 29
26 85
68 50
77 47
77 67
68 21
85 92
11 59
12 45
19 19
35 26
68 90
19 15
26 19
29 30
35 28
41 55
41 97
36 84
49 66
12 53
65 77
38 76
46 11
16 93
11 48
38 100
48 16
94 80
30 65
80 2
26 90
59 34
1 90
71 18
47 39
44 39
37 22
20 97
48 89
60 88
36 36
13 85
90 85
35 68
20 16
46 77
62 26
20 32
4 99
99 40
5 4
80 66
92 8
25 66
22 55
7 51
4 33
33 42
55 78
18 1
90 66
48 23
80 18
17 49
63 30
40 9
4 58
62 53
67 22
58 97
56 31
95 56
22 13
94 28
33 45
92 99
53 57
71 4
40 15
100 67
36 22
44 53
87 20
51 11
24 70
6 44
12 32
93 17
100 72
40 71
37 92
58 34
29 78
11 84
77 90
92 35
12 5
27 92
91 23
65 91
85 14
42 28
80 85
38 71
62 82
66 3
33 33
55 60
48 78
63 11
20 51
78 42
37 21
100 13
60 57
91 53
49 15
45 19
51 2
96 22
32 2
46 62
58 11
29 6
74 38
70 97
4 22
76 19
1 90
63 55
64 44
90 51
36 16
65 95
64 59
53 93
17 15
21 61
51 69
42 48
97 88
2 35
29 72
49 76
54 72
30 94
20 72
21 65
80 31
11 81
14 43
39 83
45 29
94 76
81 1
97 48
71 88
44 34
53 62
25 1
81 79
58 24
99 15
46 63
10 11
50 19
91 56
44 56
86 35
76 22
52 27
52 60
84 15
38 80
99 1
38 86
79 85
43 16
61 68
41 8
67 29
63 64
70 91
24 79
14 62
11 41
79 1
95 8
57 52
87 32
45 40
77 85
53 9
15 55
20 29
72 71
64 48
25 44
55 9
82 53
89 64
60 20
80 57
62 88
54 100
89 45
81 67
84 75
37 10
68 35
40 85
52 50
67 68
11 90
28 74
82 96
37 75
36 32
73 29
99 71
88 98
90 47
91 12
13 64
13 82
52 31
22 14
29 51
1 60
55 93
95 31
33 60
78 80
33 73
84 82
54 23
22 57
19 92
1 97
21 5
100 30
45 76
71 17
100 81
19 89
53 29
1 63
41 50
86 84
16 60
79 60
62 83
49 55
41 82
71 29
52 45
70 96
70 11
73 24
26 20
51 32
44 47
70 71
95 11
93 65
25 62
20 21
63 62
26 35
50 91
23 61
94 29
23 82
67 69
24 23
40 18
94 65
79 57
72 42
56 37
90 29
21 3
13 17
48 47
52 73
12 24
37 6
8 34
67 54
13 26
41 54
58 34
96 40
52 59
95 61
39 30
76 99
93 34
63 77
37 47
74 65
85 93
20 43
29 60
63 46
17 28
73 49
1 71
99 93
46 29
1 44
93 64
84 73
2 10
22 87
14 70
32 58
20 87
57 17
55 55
15 16
38 67
98 78
61 13
92 32
75 64
78 25
85 34
51 28
100 30
10 45
65 52
13 80
35 8
84 1
60 11
54 92
22 26
54 30
97 54
62 59
92 64
21 69
88 27
73 20
42 5
52 93
46 71
75 63
77 18
27 14
45 72
80 36
30 89
49 79
18 24
39 9
30 27
69 7
100 56
30 77
89 97
20 65
38 17
19 92
84 99
21 49
62 52
19 78
47 62
79 29
64 36
7 9
69 80
20 24
78 93
54 79
54 96
72 76
5 63
33 20
32 36
69 69
11 35
71 79
66 46
80 76
28 88
64 38
67 35
84 76
85 56
57 100
65 94
87 34
25 48
95 31
68 66
11 83
6 15
53 42
86 92
7 61
61 13
4 31
86 1
86 68
85 89
1 87
1 96
100 3
29 84
18 37
3 90
79 26
90 23
96 6
20 92
22 75
15 63
7 84
27 20
2 31
45 76
59 63
32 37
21 9
25 48
9 12
98 1
15 97
100 46
34 63
40 55
22 87
37 11
63 74
94 36
89 72
39 22
92 14
61 58
93 44
76 69
14 16
37 92
48 70
33 35
29 44
80 7
55 8
38 4
22 48
35 50
17 60
39 51
84 87
97 86
25 23
64 82
13 52
3 96
37 55
9 81
32 31
96 15
13 37
38 10
86 20
82 11
9 10
40 68
20 67
100 21
16 78
23 43
81 82
86 31
26 37
95 46
3 34
81 57
35 18
82 82
59 6
93 61
52 2
43 45
36 56
73 44
23 14
42 82
80 19
61 30
56 83
65 33
14 96
29 5
56 12
82 11
5 52
17 62
65 6
23 14
44 37
19 95
89 44
40 3
44 71
20 13
18 33
83 98
60 74
91 20
11 12
16 79
43 46
71 63
9 84
100 10
14 51
52 66
3 18
54 100
17 85
70 43
4 16
30 58
83 65
53 55
27 28
56 60
53 87
23 30
87 50
80 99
91 4
87 44
28 86
99 88
18 32
77 62
64 15
84 33
23 12
92 72
43 34
54 31
81 5
16 88
11 82
59 87
34 41
60 37
63 39
55 27
27 13
96 22
78 42
59 55
21 98
28 52
63 33
38 5
58 6
8 44
59 40
44 98
82 66
58 6
18 13
25 85
60 100
17 41
52 47
23 94
16 50
62 50
32 97
24 97
45 51
39 32
60 36
66 2
88 38
49 21
25 95
76 4
90 87
46 44
58 33
62 79
5 3
32 21
87 31
44 68
49 45
18 50
26 74
64 17
81 49
80 58
15 6
90 8
6 28
15 16
9 98
50 96
30 27
67 99
86 63
19 54
80 4
84 24
60 22
75 35
76 3
37 80
16 51
14 51
93 49
84 82
48 9
7 79
7 68
15 11
71 59
18 47
5 57
64 38
99 35
57 9
13 14
81 25
5 14
74 63
80 78
70 48
32 54
34 40
21 95
98 25
72 59
21 49
19 2
18 93
14 81
57 41
95 69
71 64
50 35
26 72
92 51
18 11
55 26
2 95
93 35
71 47
88 22
66 90
72 66
61 11
76 10
95 24
35 75
15 95
24 76
78 58
28 23
75 73
40 40
84 18
31 91
7 97
13 96
39 17
22 85
28 79
61 73
88 36
82 27
95 31
96 59
20 13
44 13
7 29
94 27
27 27
34 82
97 93
62 10
78 25
23 41
53 16
81 93
52 53
74 78
18 27
66 62
40 50
8 20
31 77
26 82
28 60
98 94
26 30
23 49
54 80
69 28
25 32
78 7
1 73
2 31
99 78
50 95
28 53
60 78
71 52
25 85
21 16
20 78
96 96
65 1
19 18
24 18